45 45 1 35
1  2  3  4  5  1  2  3  4  5  1  2  3  4  5  1  2  3  4  5  1  2  33 4  5  1  2  3  4  5  1  2  3  4  5  1  2  3  4  5  1  2  3  4  5  
1  2  3  4  5  1  2  3  4  5  1  2  3  4  5  1  2  3  4  5  1  32 33 34 5  1  2  3  4  5  1  2  3  4  5  1  2  3  4  5  1  2  3  4  5  
1  2  3  4  5  1  2  3  4  5  1  2  3  4  5  1  2  3  4  5  30 32 35 34 35 1  2  3  4  5  1  2  3  4  5  1  2  3  4  5  1  2  3  4  5  
1  2  3  4  5  1  2  3  4  5  1  2  3  4  5  1  2  3  4  35 31 32 33 34 35 31 2  3  4  5  1  2  3  4  5  1  2  3  4  5  1  2  3  4  5  
1  2  3  4  5  1  2  3  4  5  1  2  3  4  5  1  2  3  34 35 31 32 33 34 35 31 32 3  4  5  1  2  3  4  5  1  2  3  4  5  1  2  3  4  5  
1  2  3  4  5  1  2  3  4  5  1  2  3  4  5  1  2  33 34 35 31 32 33 34 35 31 32 33 4  5  1  2  3  4  5  1  2  3  4  5  1  2  3  4  5  
1  2  3  4  5  1  2  3  4  5  1  2  3  4  5  1  32 33 34 35 31 32 33 34 35 31 32 33 34 5  1  2  3  4  5  1  2  3  4  5  1  2  3  4  5  
1  2  3  4  5  1  2  3  4  35 31 32 33 34 35 31 32 33 34 35 31 32 33 34 35 31 32 33 34 35 31 32 33 34 35 31 2  3  4  5  1  2  3  4  5  
1  2  3  4  5  1  2  3  4  35 31 32 33 34 35 31 32 33 34 35 31 32 33 34 35 31 32 33 34 35 31 32 33 34 35 31 2  3  4  5  1  2  3  4  5  
1  2  3  4  5  1  2  3  4  35 31 32 33 34 35 31 32 33 34 35 31 32 33 34 35 31 32 33 34 35 31 32 33 34 35 31 2  3  4  5  1  2  3  4  5  
1  2  3  4  5  1  2  3  4  35 31 32 33 34 35 31 32 33 34 35 31 32 33 34 35 31 32 33 34 35 31 32 33 34 35 31 2  3  4  5  1  2  3  4  5  
1  2  3  4  5  1  2  3  4  35 31 32 33 34 35 31 32 33 34 35 31 32 33 34 35 31 32 33 34 35 31 32 33 34 35 31 2  3  4  5  1  2  3  4  5  
1  2  3  4  5  1  2  3  4  35 31 32 33 34 35 31 32 33 34 35 31 32 33 34 35 31 32 33 34 35 31 32 33 34 35 31 2  3  4  5  1  2  3  4  5  
1  2  3  4  5  1  2  3  4  35 31 32 33 34 35 31 32 33 34 35 31 32 33 34 35 31 32 33 34 35 31 32 33 34 35 31 2  3  4  5  1  2  3  4  5  
1  2  3  4  5  1  2  3  34 35 31 32 33 34 35 31 32 33 34 35 31 32 33 34 35 31 32 33 34 35 31 32 33 34 35 31 32 3  4  5  1  2  3  4  5  
1  2  3  4  5  1  2  33 34 35 31 32 33 34 35 31 32 33 34 35 31 32 33 34 35 31 32 33 34 35 31 32 33 34 35 31 32 33 4  5  1  2  3  4  5  
1  2  3  4  5  1  32 33 34 35 31 32 33 34 35 31 32 33 34 35 31 32 33 34 35 31 32 33 34 35 31 32 33 34 35 31 32 33 34 5  1  2  3  4  5  
1  2  3  4  5  31 32 33 34 35 31 32 33 34 35 31 32 33 34 35 31 32 33 34 35 31 32 33 34 35 31 32 33 34 35 31 32 33 34 35 1  2  3  4  5  
1  2  3  4  35 31 32 33 34 35 31 32 33 34 35 31 32 33 34 35 31 32 33 34 35 31 32 33 34 35 31 32 33 34 35 31 32 33 34 35 31 2  3  4  5  
1  2  3  34 35 31 32 33 34 35 31 32 33 34 35 31 32 33 34 35 31 32 33 34 35 31 32 33 34 35 31 32 33 34 35 31 32 33 34 35 31 32 3  4  5  
1  2  33 34 35 31 32 33 34 35 31 32 33 34 35 31 32 33 34 35 31 32 33 34 35 31 32 33 34 35 31 32 33 34 35 31 32 33 34 35 31 32 33 4  5  
1  32 33 34 35 31 32 33 34 35 31 32 33 34 35 31 32 33 34 35 31 32 33 34 35 31 32 33 34 35 31 32 33 34 35 31 32 33 34 35 31 32 33 34 5  
31 32 33 34 35 31 32 33 34 35 31 32 33 34 35 31 32 33 34 35 31 32 33 34 35 31 32 33 34 35 31 32 33 34 35 31 32 33 34 35 31 32 33 34 35 
1  32 33 34 35 31 32 33 34 35 31 32 33 34 35 31 32 33 34 35 31 32 33 34 35 31 32 33 34 35 31 32 33 34 35 31 32 33 34 35 31 32 33 34 5  
1  2  33 34 35 31 32 33 34 35 31 32 33 34 35 31 32 33 34 35 31 32 33 34 35 31 32 33 34 35 31 32 33 34 35 31 32 33 34 35 31 32 33 4  5  
1  2  3  34 35 31 32 33 34 35 31 32 33 34 35 31 32 33 34 35 31 32 33 34 35 31 32 33 34 35 31 32 33 34 35 31 32 33 34 35 31 32 3  4  5  
1  2  3  4  35 31 32 33 34 35 31 32 33 34 35 31 32 33 34 35 31 32 33 34 35 31 32 33 34 35 31 32 33 34 35 31 32 33 34 35 31 2  3  4  5  
1  2  3  4  5  31 32 33 34 35 31 32 33 34 35 31 32 33 34 35 31 32 33 34 35 31 32 33 34 35 31 32 33 34 35 31 32 33 34 35 1  2  3  4  5  
1  2  3  4  5  1  32 33 34 35 31 32 33 34 35 31 32 33 34 35 31 32 33 34 35 31 32 33 34 35 31 32 33 34 35 31 32 33 34 5  1  2  3  4  5  
1  2  3  4  5  1  2  33 34 35 31 32 33 34 35 31 32 33 34 35 31 32 33 34 35 31 32 33 34 35 31 32 33 34 35 31 32 33 4  5  1  2  3  4  5  
1  2  3  4  5  1  2  3  34 35 31 32 33 34 35 31 32 33 34 35 31 32 33 34 35 31 32 33 34 35 31 32 33 34 35 31 32 3  4  5  1  2  3  4  5  
1  2  3  4  5  1  2  3  4  35 31 32 33 34 35 31 32 33 34 35 31 32 33 34 35 31 32 33 34 35 31 32 33 34 35 31 2  3  4  5  1  2  3  4  5  
1  2  3  4  5  1  2  3  4  35 31 32 33 34 35 31 32 33 34 35 31 32 33 34 35 31 32 33 34 35 31 32 33 34 35 31 2  3  4  5  1  2  3  4  5  
1  2  3  4  5  1  2  3  4  35 31 32 33 34 35 31 32 33 34 35 31 32 33 34 35 31 32 33 34 35 31 32 33 34 35 31 2  3  4  5  1  2  3  4  5  
1  2  3  4  5  1  2  3  4  35 31 32 33 34 35 31 32 33 34 35 31 32 33 34 35 31 32 33 34 35 31 32 33 34 35 31 2  3  4  5  1  2  3  4  5  
1  2  3  4  5  1  2  3  4  35 31 32 33 34 35 31 32 33 34 35 31 32 33 34 35 31 32 33 34 35 31 32 33 34 35 31 2  3  4  5  1  2  3  4  5  
1  2  3  4  5  1  2  3  4  35 31 32 33 34 35 31 32 33 34 35 31 32 33 34 35 31 32 33 34 35 31 32 33 34 35 31 2  3  4  5  1  2  3  4  5  
1  2  3  4  5  1  2  3  4  35 31 32 33 34 35 31 32 33 34 35 31 32 33 34 35 31 32 33 34 35 31 32 33 34 35 31 2  3  4  5  1  2  3  4  5  
1  2  3  4  5  1  2  3  4  5  1  2  3  4  5  1  32 33 34 35 31 32 33 34 35 31 32 33 34 5  1  2  3  4  5  1  2  3  4  5  1  2  3  4  5  
1  2  3  4  5  1  2  3  4  5  1  2  3  4  5  1  2  33 34 35 31 32 33 34 35 31 32 33 4  5  1  2  3  4  5  1  2  3  4  5  1  2  3  4  5  
1  2  3  4  5  1  2  3  4  5  1  2  3  4  5  1  2  3  34 35 31 32 33 34 35 31 32 3  4  5  1  2  3  4  5  1  2  3  4  5  1  2  3  4  5  
1  2  3  4  5  1  2  3  4  5  1  2  3  4  5  1  2  3  4  35 31 32 33 34 35 31 2  3  4  5  1  2  3  4  5  1  2  3  4  5  1  2  3  4  5  
1  2  3  4  5  1  2  3  4  5  1  2  3  4  5  1  2  3  4  5  31 32 33 34 35 1  2  3  4  5  1  2  3  4  5  1  2  3  4  5  1  2  3  4  5  
1  2  3  4  5  1  2  3  4  5  1  2  3  4  5  1  2  3  4  5  1  32 33 34 5  1  2  3  4  5  1  2  3  4  5  1  2  3  4  5  1  2  3  4  5  
1  2  3  4  5  1  2  3  4  5  1  2  3  4  5  1  2  3  4  5  1  2  33 4  5  1  2  3  4  5  1  2  3  4  5  1  2  3  4  5  1  2  3  4  5  

45 45 1 35
1  2  3  4  5  1  2  3  4  5  1  2  3  4  5  1  2  3  4  5  1  2  33 4  5  1  2  3  4  5  1  2  3  4  5  1  2  3  4  5  1  2  3  4  5  
1  2  3  4  5  1  2  3  4  5  1  2  3  4  5  1  2  3  4  5  1  32 33 34 5  1  2  3  4  5  1  2  3  4  5  1  2  3  4  5  1  2  3  4  5  
1  2  3  3  3  2  2  3  3  3  2  2  3  3  3  2  2  3  3  3  32 32 34 33 34 2  2  3  5  4  2  2  3  3  3  2  2  3  3  3  2  2  3  4  5  
1  2  3  3  3  2  2  3  3  3  2  2  3  3  3  2  2  2  3  33 32 32 33 33 33 32 2  3  3  6  2  2  3  3  3  2  2  3  3  3  2  2  3  4  5  
1  2  3  3  3  2  2  3  3  3  2  2  3  3  5  2  2  2  33 33 32 32 33 33 33 32 32 3  3  3  2  2  3  3  3  2  2  3  3  3  2  2  3  4  5  
1  2  3  3  3  2  2  3  3  5  2  2  3  5  6  2  2  33 33 33 32 32 33 33 33 32 32 33 3  5  2  2  3  5  6  2  2  3  3  3  2  2  3  4  5  
1  2  3  3  3  2  2  3  3  3  2  2  3  3  4  2  32 33 33 33 32 32 33 33 33 32 32 33 33 3  2  2  3  3  5  2  2  3  3  3  2  2  3  4  5  
1  2  3  3  3  2  2  2  3  32 32 32 33 33 33 32 32 33 33 33 32 32 33 33 33 32 32 33 33 33 32 32 33 33 33 33 2  3  3  3  2  2  3  4  5  
1  2  3  3  3  2  2  2  2  32 32 32 33 33 33 32 32 33 33 33 32 32 33 33 33 32 32 33 33 33 32 32 33 33 33 29 2  3  3  3  2  2  3  4  5  
1  2  3  3  3  2  2  2  2  32 32 32 33 33 33 32 32 33 33 33 32 32 33 33 33 32 32 33 33 33 32 32 33 33 33 32 2  3  3  3  2  2  3  4  5  
1  2  3  3  3  2  2  2  2  32 32 32 33 33 33 32 32 33 33 33 32 32 33 33 33 32 32 33 33 33 32 32 33 33 33 32 2  3  3  3  2  2  3  4  5  
1  2  3  3  3  2  2  2  2  32 32 32 33 33 33 32 32 33 33 33 32 32 33 33 33 32 32 33 33 33 32 32 33 33 33 32 2  3  3  3  2  2  3  4  5  
1  2  3  3  3  2  2  2  2  32 32 32 33 33 33 32 32 33 33 33 32 32 33 33 33 32 32 33 33 33 32 32 33 33 33 32 2  3  5  4  2  2  3  4  5  
1  2  3  3  3  2  2  2  2  33 32 32 33 33 33 32 32 33 33 33 32 32 33 33 33 32 32 33 33 33 32 32 33 33 33 32 3  3  3  6  2  2  3  4  5  
1  2  3  3  5  2  2  2  33 33 32 32 33 33 33 32 32 33 33 33 32 32 33 33 33 32 32 33 33 33 32 32 33 33 33 32 32 4  3  4  2  2  3  4  5  
1  2  3  3  3  2  2  33 33 33 32 32 33 33 33 32 32 33 33 33 32 32 33 33 33 32 32 33 33 33 32 32 33 33 33 32 32 33 3  6  2  2  3  4  5  
1  2  3  3  6  2  32 33 33 33 32 32 33 33 33 32 32 33 33 33 32 32 33 33 33 32 32 33 33 33 32 32 33 33 33 32 32 33 33 3  2  2  3  4  5  
1  2  3  3  3  32 32 33 33 33 32 32 33 33 33 32 32 33 33 33 32 32 33 33 33 32 32 33 33 33 32 32 33 33 33 32 32 33 33 33 2  2  3  4  5  
1  2  2  3  33 32 32 33 33 33 32 32 33 33 33 32 32 33 33 33 32 32 33 33 33 32 32 33 33 33 32 32 33 33 33 32 32 33 33 33 32 2  3  4  5  
1  2  2  33 33 32 32 33 33 33 32 32 33 33 33 32 32 33 33 33 32 32 33 33 33 32 32 33 33 33 32 32 33 33 33 32 32 33 33 33 32 32 3  4  5  
1  2  33 33 33 32 32 33 33 33 32 32 33 33 33 32 32 33 33 33 32 32 33 33 33 32 32 33 33 33 32 32 33 33 33 32 32 33 33 33 32 32 33 4  5  
1  32 33 33 33 32 32 33 33 33 32 32 33 33 33 32 32 33 33 33 32 32 33 33 33 32 32 33 33 33 32 32 33 33 33 32 32 33 33 33 32 32 32 34 5  
31 32 33 33 33 32 32 33 33 33 32 32 33 33 33 32 32 33 33 33 32 32 33 33 33 32 32 33 33 33 32 32 33 33 33 32 32 33 33 33 32 32 32 34 35 
1  32 33 33 33 32 32 33 33 33 32 32 33 33 33 32 32 33 33 33 32 32 33 33 33 32 32 33 33 33 32 32 33 33 33 32 32 33 33 33 32 32 32 34 5  
1  2  33 32 33 32 32 33 33 33 32 32 33 33 33 32 32 33 33 33 32 32 33 33 33 32 32 33 33 33 32 32 33 33 33 32 32 33 33 33 32 32 32 4  5  
1  2  3  32 32 32 32 33 33 33 32 32 33 33 33 32 32 33 33 33 32 32 33 33 33 32 32 33 33 33 32 32 33 33 33 32 32 33 33 33 32 32 3  4  5  
1  2  3  3  32 32 32 33 33 33 32 32 33 33 33 32 32 33 33 33 32 32 33 33 33 32 32 33 33 33 32 32 33 33 33 32 32 33 33 33 32 2  3  4  5  
1  2  3  3  3  32 32 33 33 33 32 32 33 33 33 32 32 33 33 33 32 32 33 33 33 32 32 33 33 33 32 32 33 33 33 32 32 33 32 33 2  2  3  4  5  
1  2  3  3  6  2  32 33 33 33 32 32 33 33 33 32 32 33 33 33 32 32 33 33 33 32 32 33 33 33 32 32 33 33 33 32 32 32 32 3  2  2  3  4  5  
1  2  3  3  3  2  2  33 32 33 32 32 33 33 33 32 32 33 33 33 32 32 33 33 33 32 32 33 33 33 32 32 33 33 33 32 32 32 3  5  2  2  3  4  5  
1  2  3  3  5  2  2  2  32 32 32 32 33 33 33 32 32 33 33 33 32 32 33 33 33 32 32 33 33 33 32 32 33 33 33 32 32 4  3  4  2  2  3  4  5  
1  2  3  3  3  2  2  2  2  32 32 32 33 33 33 32 32 33 33 33 32 32 33 33 33 32 32 33 33 33 32 32 33 33 33 32 3  4  3  6  2  2  3  4  5  
1  2  3  3  3  2  2  2  5  32 32 32 33 33 33 32 32 33 33 33 32 32 33 33 33 32 32 33 33 33 32 32 33 33 33 32 3  4  3  4  2  2  3  4  5  
1  2  3  3  3  2  2  2  2  32 32 32 33 33 33 32 32 33 33 33 32 32 33 33 33 32 32 33 33 33 32 32 33 33 33 32 3  4  3  4  2  2  3  4  5  
1  2  3  3  3  2  2  2  2  32 32 32 33 33 33 32 32 33 33 33 32 32 33 33 33 32 32 33 33 33 32 32 33 33 33 32 3  3  3  3  2  2  3  4  5  
1  2  3  3  3  2  2  2  2  32 32 32 33 33 33 32 32 33 33 33 32 32 33 33 33 32 32 33 33 33 32 32 33 33 33 32 3  3  3  3  2  2  3  4  5  
1  2  3  3  3  2  2  3  3  32 32 32 33 32 33 32 32 33 33 33 32 32 33 33 33 32 32 33 33 33 32 32 33 32 33 32 3  3  3  3  2  2  3  4  5  
1  2  3  3  3  2  2  3  3  32 32 32 33 32 33 32 32 33 33 33 32 32 33 33 33 32 32 33 32 33 32 32 33 32 33 32 2  3  3  3  2  2  3  4  5  
1  2  3  3  3  2  2  3  3  3  2  2  3  3  6  2  32 33 33 33 32 32 33 33 33 32 32 32 32 3  2  2  3  3  5  2  2  3  3  3  2  2  3  4  5  
1  2  3  3  3  2  2  3  3  5  2  2  3  3  6  2  2  33 32 33 32 32 33 33 33 32 32 32 3  5  2  2  3  3  6  2  2  3  3  3  2  2  3  4  5  
1  2  3  3  3  2  2  3  3  3  2  2  3  3  5  2  2  3  32 32 32 32 33 33 33 32 32 3  3  3  2  2  3  3  3  2  2  3  3  3  2  2  3  4  5  
1  2  3  3  3  2  2  3  3  3  2  2  3  3  3  2  2  3  3  32 32 32 33 33 33 32 2  3  3  6  2  2  3  3  3  2  2  3  3  3  2  2  3  4  5  
1  2  3  3  3  2  2  3  3  3  2  2  3  3  3  2  2  3  3  3  32 32 33 32 33 2  2  3  3  3  2  2  3  3  3  2  2  3  3  3  2  2  3  4  5  
1  2  3  4  5  1  2  3  4  5  1  2  3  4  5  1  2  3  4  5  1  32 33 34 5  1  2  3  4  5  1  2  3  4  5  1  2  3  4  5  1  2  3  4  5  
1  2  3  4  5  1  2  3  4  5  1  2  3  4  5  1  2  3  4  5  1  2  33 4  5  1  2  3  4  5  1  2  3  4  5  1  2  3  4  5  1  2  3  4  5  

45 45 0 1
. . . . . . . . . . . . . . . . . . . . . . 1 . . . . . . . . . . . . . . . . . . . . . . 
. . . . . . . . . . . . . . . . . . . . . 1 1 1 . . . . . . . . . . . . . . . . . . . . . 
. . . . . . . . . . . . . . . . . . . . 1 1 1 1 1 . . . . . . . . . . . . . . . . . . . . 
. . . . . . . . . . . . . . . . . . . 1 1 1 1 1 1 1 . . . . . . . . . . . . . . . . . . . 
. . . . . . . . . . . . . . . . . . 1 1 1 1 1 1 1 1 1 . . . . . . . . . . . . . . . . . . 
. . . . . . . . . . . . . . . . . 1 1 1 1 1 1 1 1 1 1 1 . . . . . . . . . . . . . . . . . 
. . . . . . . . . . . . . . . . 1 1 1 1 1 1 1 1 1 1 1 1 1 . . . . . . . . . . . . . . . . 
. . . . . . . . . 1 1 1 1 1 1 1 1 1 1 1 1 1 1 1 1 1 1 1 1 1 1 1 1 1 1 1 . . . . . . . . . 
. . . . . . . . . 1 1 1 1 1 1 1 1 1 1 1 1 1 1 1 1 1 1 1 1 1 1 1 1 1 1 . . . . . . . . . . 
. . . . . . . . . 1 1 1 1 1 1 1 1 1 1 1 1 1 1 1 1 1 1 1 1 1 1 1 1 1 1 1 . . . . . . . . . 
. . . . . . . . . 1 1 1 1 1 1 1 1 1 1 1 1 1 1 1 1 1 1 1 1 1 1 1 1 1 1 1 . . . . . . . . . 
. . . . . . . . . 1 1 1 1 1 1 1 1 1 1 1 1 1 1 1 1 1 1 1 1 1 1 1 1 1 1 1 . . . . . . . . . 
. . . . . . . . . 1 1 1 1 1 1 1 1 1 1 1 1 1 1 1 1 1 1 1 1 1 1 1 1 1 1 1 . . . . . . . . . 
. . . . . . . . . 1 1 1 1 1 1 1 1 1 1 1 1 1 1 1 1 1 1 1 1 1 1 1 1 1 1 1 . . . . . . . . . 
. . . . . . . . 1 1 1 1 1 1 1 1 1 1 1 1 1 1 1 1 1 1 1 1 1 1 1 1 1 1 1 1 1 . . . . . . . . 
. . . . . . . 1 1 1 1 1 1 1 1 1 1 1 1 1 1 1 1 1 1 1 1 1 1 1 1 1 1 1 1 1 1 1 . . . . . . . 
. . . . . . 1 1 1 1 1 1 1 1 1 1 1 1 1 1 1 1 1 1 1 1 1 1 1 1 1 1 1 1 1 1 1 1 1 . . . . . . 
. . . . . 1 1 1 1 1 1 1 1 1 1 1 1 1 1 1 1 1 1 1 1 1 1 1 1 1 1 1 1 1 1 1 1 1 1 1 . . . . . 
. . . . 1 1 1 1 1 1 1 1 1 1 1 1 1 1 1 1 1 1 1 1 1 1 1 1 1 1 1 1 1 1 1 1 1 1 1 1 1 . . . . 
. . . 1 1 1 1 1 1 1 1 1 1 1 1 1 1 1 1 1 1 1 1 1 1 1 1 1 1 1 1 1 1 1 1 1 1 1 1 1 1 1 . . . 
. . 1 1 1 1 1 1 1 1 1 1 1 1 1 1 1 1 1 1 1 1 1 1 1 1 1 1 1 1 1 1 1 1 1 1 1 1 1 1 1 1 1 . . 
. 1 1 1 1 1 1 1 1 1 1 1 1 1 1 1 1 1 1 1 1 1 1 1 1 1 1 1 1 1 1 1 1 1 1 1 1 1 1 1 1 1 1 1 . 
1 1 1 1 1 1 1 1 1 1 1 1 1 1 1 1 1 1 1 1 1 1 1 1 1 1 1 1 1 1 1 1 1 1 1 1 1 1 1 1 1 1 1 1 1 
. 1 1 1 1 1 1 1 1 1 1 1 1 1 1 1 1 1 1 1 1 1 1 1 1 1 1 1 1 1 1 1 1 1 1 1 1 1 1 1 1 1 1 1 . 
. . 1 1 1 1 1 1 1 1 1 1 1 1 1 1 1 1 1 1 1 1 1 1 1 1 1 1 1 1 1 1 1 1 1 1 1 1 1 1 1 1 1 . . 
. . . 1 1 1 1 1 1 1 1 1 1 1 1 1 1 1 1 1 1 1 1 1 1 1 1 1 1 1 1 1 1 1 1 1 1 1 1 1 1 1 . . . 
. . . . 1 1 1 1 1 1 1 1 1 1 1 1 1 1 1 1 1 1 1 1 1 1 1 1 1 1 1 1 1 1 1 1 1 1 1 1 1 . . . . 
. . . . . 1 1 1 1 1 1 1 1 1 1 1 1 1 1 1 1 1 1 1 1 1 1 1 1 1 1 1 1 1 1 1 1 1 1 1 . . . . . 
. . . . . . 1 1 1 1 1 1 1 1 1 1 1 1 1 1 1 1 1 1 1 1 1 1 1 1 1 1 1 1 1 1 1 1 1 . . . . . . 
. . . . . . . 1 1 1 1 1 1 1 1 1 1 1 1 1 1 1 1 1 1 1 1 1 1 1 1 1 1 1 1 1 1 1 . . . . . . . 
. . . . . . . . 1 1 1 1 1 1 1 1 1 1 1 1 1 1 1 1 1 1 1 1 1 1 1 1 1 1 1 1 1 . . . . . . . . 
. . . . . . . . . 1 1 1 1 1 1 1 1 1 1 1 1 1 1 1 1 1 1 1 1 1 1 1 1 1 1 1 . . . . . . . . . 
. . . . . . . . . 1 1 1 1 1 1 1 1 1 1 1 1 1 1 1 1 1 1 1 1 1 1 1 1 1 1 1 . . . . . . . . . 
. . . . . . . . . 1 1 1 1 1 1 1 1 1 1 1 1 1 1 1 1 1 1 1 1 1 1 1 1 1 1 1 . . . . . . . . . 
. . . . . . . . . 1 1 1 1 1 1 1 1 1 1 1 1 1 1 1 1 1 1 1 1 1 1 1 1 1 1 1 . . . . . . . . . 
. . . . . . . . . 1 1 1 1 1 1 1 1 1 1 1 1 1 1 1 1 1 1 1 1 1 1 1 1 1 1 1 . . . . . . . . . 
. . . . . . . . . 1 1 1 1 1 1 1 1 1 1 1 1 1 1 1 1 1 1 1 1 1 1 1 1 1 1 1 . . . . . . . . . 
. . . . . . . . . 1 1 1 1 1 1 1 1 1 1 1 1 1 1 1 1 1 1 1 1 1 1 1 1 1 1 1 . . . . . . . . . 
. . . . . . . . . . . . . . . . 1 1 1 1 1 1 1 1 1 1 1 1 1 . . . . . . . . . . . . . . . . 
. . . . . . . . . . . . . . . . . 1 1 1 1 1 1 1 1 1 1 1 . . . . . . . . . . . . . . . . . 
. . . . . . . . . . . . . . . . . . 1 1 1 1 1 1 1 1 1 . . . . . . . . . . . . . . . . . . 
. . . . . . . . . . . . . . . . . . . 1 1 1 1 1 1 1 . . . . . . . . . . . . . . . . . . . 
. . . . . . . . . . . . . . . . . . . . 1 1 1 1 1 . . . . . . . . . . . . . . . . . . . . 
. . . . . . . . . . . . . . . . . . . . . 1 1 1 . . . . . . . . . . . . . . . . . . . . . 
. . . . . . . . . . . . . . . . . . . . . . 1 . . . . . . . . . . . . . . . . . . . . . . 
