45 45 0 380
0 0 0 0 0 0 0 0 0 0 0 0 0 0 0 0 0 0 0 0 0 380 188 340 150 0 0 0 0 0 0 0 0 0 0 0 0 0 0 0 0 0 0 0 0 
0 0 0 0 0 0 0 0 0 0 0 0 0 0 0 0 0 0 0 0 284 330 196 300 330 150 0 0 0 0 0 0 0 0 0 0 0 0 0 0 0 0 0 0 0 
0 0 0 0 0 0 0 0 0 0 0 0 0 0 0 0 0 0 140 286 288 152 0 0 330 330 0 0 0 0 0 0 0 0 0 0 0 0 0 0 0 0 0 0 0 
0 0 0 0 0 0 0 0 0 0 0 0 0 0 0 0 0 140 320 290 0 0 0 0 150 330 292 0 0 0 0 0 0 0 0 0 0 0 0 0 0 0 0 0 0 
0 0 0 0 0 0 0 0 0 0 0 0 0 0 0 0 140 320 320 0 0 0 0 0 0 150 292 292 0 0 0 0 0 0 0 0 0 0 0 0 0 0 0 0 0 
0 0 0 0 0 0 0 0 0 0 0 0 0 0 0 0 320 320 140 0 0 0 0 0 0 0 0 292 292 150 0 0 0 0 0 0 0 0 0 0 0 0 0 0 0 
0 0 0 0 0 0 0 0 140 228 312 308 308 308 312 348 320 140 0 0 0 0 0 0 0 0 0 0 292 372 312 308 308 308 312 252 0 0 0 0 0 0 0 0 0 
0 0 0 0 0 0 0 0 260 288 312 308 308 308 312 228 140 0 0 0 0 0 0 0 0 0 0 0 0 252 312 308 308 308 312 330 220 0 0 0 0 0 0 0 0 
0 0 0 0 0 0 0 0 320 270 0 0 0 0 0 0 0 0 0 0 0 0 0 0 0 0 0 0 0 0 0 0 0 0 0 330 280 0 0 0 0 0 0 0 0 
0 0 0 0 0 0 0 0 320 270 0 0 0 0 0 0 0 0 0 0 0 0 0 0 0 0 0 0 0 0 0 0 0 0 0 330 280 0 0 0 0 0 0 0 0 
0 0 0 0 0 0 0 0 320 270 0 0 0 0 0 0 0 0 0 0 0 0 0 0 0 0 0 0 0 0 0 0 0 0 0 330 280 0 0 0 0 0 0 0 0 
0 0 0 0 0 0 0 0 320 270 0 0 0 0 0 0 0 0 0 0 0 0 0 0 0 0 0 0 0 0 0 0 0 0 0 330 280 0 0 0 0 0 0 0 0 
0 0 0 0 0 0 0 0 320 270 0 0 0 0 0 0 0 0 0 0 0 0 0 0 0 0 0 0 0 0 0 0 0 0 0 330 280 0 0 0 0 0 0 0 0 
0 0 0 0 0 0 0 140 380 210 0 0 0 0 0 0 0 0 0 0 0 0 0 0 0 0 0 0 0 0 0 0 0 0 0 270 340 0 0 0 0 0 0 0 0 
0 0 0 0 0 0 140 320 320 0 0 0 0 0 0 0 0 0 0 0 0 0 0 0 0 0 0 0 0 0 0 0 0 0 0 150 292 292 0 0 0 0 0 0 0 
0 0 0 0 0 0 320 320 140 0 0 0 0 0 0 0 0 0 0 0 0 0 0 0 0 0 0 0 0 0 0 0 0 0 0 0 0 292 292 150 0 0 0 0 0 
0 0 0 0 0 288 320 140 0 0 0 0 0 0 0 0 0 0 0 0 0 0 0 0 0 0 0 0 0 0 0 0 0 0 0 0 0 0 292 330 150 0 0 0 0 
0 0 0 140 288 288 140 0 0 0 0 0 0 0 0 0 0 0 0 0 0 0 0 0 0 0 0 0 0 0 0 0 0 0 0 0 0 0 0 330 330 0 0 0 0 
0 0 140 320 288 0 0 0 0 0 0 0 0 0 0 0 0 0 0 0 0 0 0 0 0 0 0 0 0 0 0 0 0 0 0 0 0 0 0 150 330 292 0 0 0 
0 140 320 320 0 0 0 0 0 0 0 0 0 0 0 0 0 0 0 0 0 0 0 0 0 0 0 0 0 0 0 0 0 0 0 0 0 0 0 0 150 292 292 0 0 
130 320 320 140 0 0 0 0 0 0 0 0 0 0 0 0 0 0 0 0 0 0 0 0 0 0 0 0 0 0 0 0 0 0 0 0 0 0 0 0 0 0 292 292 0 
364 320 140 0 0 0 0 0 0 0 0 0 0 0 0 0 0 0 0 0 0 0 0 0 0 0 0 0 0 0 0 0 0 0 0 0 0 0 0 0 0 0 0 292 356 
190 200 0 0 0 0 0 0 0 0 0 0 0 0 0 0 0 0 0 0 0 0 0 0 0 0 0 0 0 0 0 0 0 0 0 0 0 0 0 0 0 0 0 160 170 
364 320 140 0 0 0 0 0 0 0 0 0 0 0 0 0 0 0 0 0 0 0 0 0 0 0 0 0 0 0 0 0 0 0 0 0 0 0 0 0 0 0 0 292 356 
130 320 320 140 0 0 0 0 0 0 0 0 0 0 0 0 0 0 0 0 0 0 0 0 0 0 0 0 0 0 0 0 0 0 0 0 0 0 0 0 0 0 292 292 0 
0 140 320 320 0 0 0 0 0 0 0 0 0 0 0 0 0 0 0 0 0 0 0 0 0 0 0 0 0 0 0 0 0 0 0 0 0 0 0 0 150 292 292 0 0 
0 0 140 320 288 0 0 0 0 0 0 0 0 0 0 0 0 0 0 0 0 0 0 0 0 0 0 0 0 0 0 0 0 0 0 0 0 0 0 150 330 292 0 0 0 
0 0 0 140 288 288 140 0 0 0 0 0 0 0 0 0 0 0 0 0 0 0 0 0 0 0 0 0 0 0 0 0 0 0 0 0 0 0 0 330 330 0 0 0 0 
0 0 0 0 0 288 320 140 0 0 0 0 0 0 0 0 0 0 0 0 0 0 0 0 0 0 0 0 0 0 0 0 0 0 0 0 0 0 292 330 150 0 0 0 0 
0 0 0 0 0 0 320 320 140 0 0 0 0 0 0 0 0 0 0 0 0 0 0 0 0 0 0 0 0 0 0 0 0 0 0 0 0 292 292 150 0 0 0 0 0 
0 0 0 0 0 0 140 320 320 0 0 0 0 0 0 0 0 0 0 0 0 0 0 0 0 0 0 0 0 0 0 0 0 0 0 150 292 292 0 0 0 0 0 0 0 
0 0 0 0 0 0 0 140 380 210 0 0 0 0 0 0 0 0 0 0 0 0 0 0 0 0 0 0 0 0 0 0 0 0 0 270 340 0 0 0 0 0 0 0 0 
0 0 0 0 0 0 0 0 320 270 0 0 0 0 0 0 0 0 0 0 0 0 0 0 0 0 0 0 0 0 0 0 0 0 0 330 280 0 0 0 0 0 0 0 0 
0 0 0 0 0 0 0 0 320 270 0 0 0 0 0 0 0 0 0 0 0 0 0 0 0 0 0 0 0 0 0 0 0 0 0 330 280 0 0 0 0 0 0 0 0 
0 0 0 0 0 0 0 0 320 270 0 0 0 0 0 0 0 0 0 0 0 0 0 0 0 0 0 0 0 0 0 0 0 0 0 330 280 0 0 0 0 0 0 0 0 
0 0 0 0 0 0 0 0 320 270 0 0 0 0 0 0 0 0 0 0 0 0 0 0 0 0 0 0 0 0 0 0 0 0 0 330 280 0 0 0 0 0 0 0 0 
0 0 0 0 0 0 0 0 320 270 0 0 0 0 0 0 0 0 0 0 0 0 0 0 0 0 0 0 0 0 0 0 0 0 0 330 280 0 0 0 0 0 0 0 0 
0 0 0 0 0 0 0 0 260 288 312 308 308 308 312 228 140 0 0 0 0 0 0 0 0 0 0 0 0 252 312 308 308 308 312 330 220 0 0 0 0 0 0 0 0 
0 0 0 0 0 0 0 0 140 228 312 308 308 308 312 348 320 140 0 0 0 0 0 0 0 0 0 0 292 372 312 308 308 308 312 252 0 0 0 0 0 0 0 0 0 
0 0 0 0 0 0 0 0 0 0 0 0 0 0 0 0 320 320 140 0 0 0 0 0 0 0 0 292 292 150 0 0 0 0 0 0 0 0 0 0 0 0 0 0 0 
0 0 0 0 0 0 0 0 0 0 0 0 0 0 0 0 140 320 320 0 0 0 0 0 0 150 292 292 0 0 0 0 0 0 0 0 0 0 0 0 0 0 0 0 0 
0 0 0 0 0 0 0 0 0 0 0 0 0 0 0 0 0 140 320 288 0 0 0 0 150 330 292 0 0 0 0 0 0 0 0 0 0 0 0 0 0 0 0 0 0 
0 0 0 0 0 0 0 0 0 0 0 0 0 0 0 0 0 0 140 288 288 140 0 0 330 330 0 0 0 0 0 0 0 0 0 0 0 0 0 0 0 0 0 0 0 
0 0 0 0 0 0 0 0 0 0 0 0 0 0 0 0 0 0 0 0 288 320 188 292 330 150 0 0 0 0 0 0 0 0 0 0 0 0 0 0 0 0 0 0 0 
0 0 0 0 0 0 0 0 0 0 0 0 0 0 0 0 0 0 0 0 0 380 188 340 150 0 0 0 0 0 0 0 0 0 0 0 0 0 0 0 0 0 0 0 0 
