45 45 1 35
1  2  3  5  5  1  2  3  4  5  1  2  3  4  5  1  2  3  4  5  1  2  33 4  5  1  2  3  4  5  1  2  3  4  5  1  2  3  4  5  1  2  3  4  5  
1  2  3  4  5  1  2  3  4  5  1  2  3  4  5  1  2  3  4  5  1  32 33 34 5  1  2  3  4  5  1  2  3  4  5  1  2  3  4  5  1  2  3  4  5  
1  2  3  4  5  1  2  3  4  5  1  2  3  4  5  1  2  3  4  5  30 32 35 34 35 1  2  3  4  5  1  2  3  4  5  1  2  3  4  5  1  2  3  4  5  
1  2  3  4  5  1  2  3  4  5  1  2  3  4  5  1  2  3  4  35 31 32 33 34 35 31 2  3  4  5  1  2  3  4  5  1  2  3  4  5  1  2  3  4  5  
1  2  3  4  5  1  2  3  4  5  1  2  3  4  5  1  2  3  34 35 31 32 33 34 35 31 32 3  4  5  1  2  3  4  5  1  2  3  4  5  1  2  3  4  5  
1  2  3  4  5  1  2  3  4  5  1  2  3  4  5  1  2  33 34 35 31 32 33 34 35 31 32 33 4  5  1  2  3  4  5  1  2  3  4  5  1  2  3  4  5  
1  2  3  4  5  1  2  3  4  5  1  2  3  4  5  1  32 33 34 35 31 32 33 34 35 31 32 33 34 5  1  2  3  4  5  1  2  3  4  5  1  2  3  4  5  
1  2  3  4  5  1  2  3  4  35 31 32 33 34 35 31 32 33 34 35 31 32 33 34 35 31 32 33 34 35 31 32 33 34 35 31 2  3  4  5  1  2  3  4  5  
1  2  3  4  5  1  2  3  4  35 31 32 33 34 35 31 32 33 34 35 31 32 33 34 35 31 32 33 34 35 31 32 33 34 35 31 2  3  4  5  1  2  3  4  5  
1  2  3  4  5  1  2  3  4  35 31 32 33 34 35 31 32 33 34 35 31 32 33 34 35 31 32 33 34 35 31 32 33 34 35 31 2  3  4  5  1  2  3  4  5  
1  2  3  4  5  1  2  3  4  35 31 32 33 34 35 31 32 33 34 35 31 32 33 34 35 31 32 33 34 35 31 32 33 34 35 31 2  3  4  5  1  2  3  4  5  
1  2  3  4  5  1  2  3  4  35 31 32 33 34 35 31 32 33 34 35 31 32 33 34 35 31 32 33 34 35 31 32 33 34 35 31 2  3  4  5  1  2  3  4  5  
1  2  3  4  5  1  2  3  4  35 31 32 33 34 35 31 32 33 34 35 31 32 33 34 35 31 32 33 34 35 31 32 33 34 35 31 2  3  4  5  1  2  3  4  5  
1  2  3  4  5  1  2  3  4  35 31 32 33 34 35 31 32 33 34 35 31 32 33 34 35 31 32 33 34 35 31 32 33 34 35 31 2  3  4  5  1  2  3  4  5  
1  2  3  4  5  1  2  3  34 35 31 32 33 34 35 31 32 33 34 35 31 32 33 34 35 31 32 33 34 35 31 32 33 34 35 31 32 3  4  5  1  2  3  4  5  
1  2  3  4  5  1  2  33 34 35 31 32 33 34 35 31 32 33 34 35 31 32 33 34 35 31 32 33 34 35 31 32 33 34 35 31 32 33 4  5  1  2  3  4  5  
1  2  3  4  5  1  32 33 34 35 31 32 33 34 35 31 32 33 34 35 31 32 33 34 35 31 32 33 34 35 31 32 33 34 35 31 32 33 34 5  1  2  3  4  5  
1  2  3  4  5  31 32 33 34 35 31 32 33 34 35 31 32 33 34 35 31 32 33 34 35 31 32 33 34 35 31 32 33 34 35 31 32 33 34 35 1  2  3  4  5  
1  2  3  4  35 31 32 33 34 35 31 32 33 34 35 31 32 33 34 35 31 32 33 34 35 31 32 33 34 35 31 32 33 34 35 31 32 33 34 35 31 2  3  4  5  
1  2  3  34 35 31 32 33 34 35 31 32 33 34 35 31 32 33 34 35 31 32 33 34 35 31 32 33 34 35 31 32 33 34 35 31 32 33 34 35 31 32 3  4  5  
1  2  33 34 35 31 32 33 34 35 31 32 33 34 35 31 32 33 34 35 31 32 33 34 35 31 32 33 34 35 31 32 33 34 35 31 32 33 34 35 31 32 33 4  5  
1  32 33 34 35 31 32 33 34 35 31 32 33 34 35 31 32 33 34 35 31 32 33 34 35 31 32 33 34 35 31 32 33 34 35 31 32 33 34 35 31 32 33 34 5  
31 32 33 34 35 31 32 33 34 35 31 32 33 34 35 31 32 33 34 35 31 32 33 34 35 31 32 33 34 35 31 32 33 34 35 31 32 33 34 35 31 32 33 34 35 
1  32 33 34 35 31 32 33 34 35 31 32 33 34 35 31 32 33 34 35 31 32 33 34 35 31 32 33 34 35 31 32 33 34 35 31 32 33 34 35 31 32 33 34 5  
1  2  33 34 35 31 32 33 34 35 31 32 33 34 35 31 32 33 34 35 31 32 33 34 35 31 32 33 34 35 31 32 33 34 35 31 32 33 34 35 31 32 33 4  5  
1  2  3  34 35 31 32 33 34 35 31 32 33 34 35 31 32 33 34 35 31 32 33 34 35 31 32 33 34 35 31 32 33 34 35 31 32 33 34 35 31 32 3  4  5  
1  2  3  4  35 31 32 33 34 35 31 32 33 34 35 31 32 33 34 35 31 32 33 34 35 31 32 33 34 35 31 32 33 34 35 31 32 33 34 35 31 2  3  4  5  
1  2  3  4  5  31 32 33 34 35 31 32 33 34 35 31 32 33 34 35 31 32 33 34 35 31 32 33 34 35 31 32 33 34 35 31 32 33 34 35 1  2  3  4  5  
1  2  3  4  5  1  32 33 34 35 31 32 33 34 35 31 32 33 34 35 31 32 33 34 35 31 32 33 34 35 31 32 33 34 35 31 32 33 34 5  1  2  3  4  5  
1  2  3  4  5  1  2  33 34 35 31 32 33 34 35 31 32 33 34 35 31 32 33 34 35 31 32 33 34 35 31 32 33 34 35 31 32 33 4  5  1  2  3  4  5  
1  2  3  4  5  1  2  3  34 35 31 32 33 34 35 31 32 33 34 35 31 32 33 34 35 31 32 33 34 35 31 32 33 34 35 31 32 3  4  5  1  2  3  4  5  
1  2  3  4  5  1  2  3  4  35 31 32 33 34 35 31 32 33 34 35 31 32 33 34 35 31 32 33 34 35 31 32 33 34 35 31 2  3  4  5  1  2  3  4  5  
1  2  3  4  5  1  2  3  4  35 31 32 33 34 35 31 32 33 34 35 31 32 33 34 35 31 32 33 34 35 31 32 33 34 35 31 2  3  4  5  1  2  3  4  5  
1  2  3  4  5  1  2  3  4  35 31 32 33 34 35 31 32 33 34 35 31 32 33 34 35 31 32 33 34 35 31 32 33 34 35 31 2  3  4  5  1  2  3  4  5  
1  2  3  4  5  1  2  3  4  35 31 32 33 34 35 31 32 33 34 35 31 32 33 34 35 31 32 33 34 35 31 32 33 34 35 31 2  3  4  5  1  2  3  4  5  
1  2  3  4  5  1  2  3  4  35 31 32 33 34 35 31 32 33 34 35 31 32 33 34 35 31 32 33 34 35 31 32 33 34 35 31 2  3  4  5  1  2  3  4  5  
1  2  3  4  5  1  2  3  4  35 31 32 33 34 35 31 32 33 34 35 31 32 33 34 35 31 32 33 34 35 31 32 33 34 35 31 2  3  4  5  1  2  3  4  5  
1  2  3  4  5  1  2  3  4  35 31 32 33 34 35 31 32 33 34 35 31 32 33 34 35 31 32 33 34 35 31 32 33 34 35 31 2  3  4  5  1  2  3  4  5  
1  2  3  4  5  1  2  3  4  5  1  2  3  4  5  1  32 33 34 35 31 32 33 34 35 31 32 33 34 5  1  2  3  4  5  1  2  3  4  5  1  2  3  4  5  
1  2  3  4  5  1  2  3  4  5  1  2  3  4  5  1  2  33 34 35 31 32 33 34 35 31 32 33 4  5  1  2  3  4  5  1  2  3  4  5  1  2  3  4  5  
1  2  3  4  5  1  2  3  4  5  1  2  3  4  5  1  2  3  34 35 31 32 33 34 35 31 32 3  4  5  1  2  3  4  5  1  2  3  4  5  1  2  3  4  5  
1  2  3  4  5  1  2  3  4  5  1  2  3  4  5  1  2  3  4  35 31 32 33 34 35 31 2  3  4  5  1  2  3  4  5  1  2  3  4  5  1  2  3  4  5  
1  2  3  4  5  1  2  3  4  5  1  2  3  4  5  1  2  3  4  5  31 32 33 34 35 1  2  3  4  5  1  2  3  4  5  1  2  3  4  5  1  2  3  4  5  
1  2  3  4  5  1  2  3  4  5  1  2  3  4  5  1  2  3  4  5  1  32 33 34 5  1  2  3  4  5  1  2  3  4  5  1  2  3  4  5  1  2  3  4  5  
1  2  3  4  5  1  2  3  4  5  1  2  3  4  5  1  2  3  4  5  1  2  33 4  5  1  2  3  4  5  1  2  3  4  5  1  2  3  4  5  1  2  3  4  5  
45 45 0 128
2   2   6   4   8   2   2   2   2   8   2   2   2   2   8   2   2   2   2   8   122 122 118 118 8   2   2   2   2   8   2   2   2   2   8   2   2   2   2   8   2   2   2   2   0   
2   2   2   2   8   2   2   2   2   8   2   2   2   2   8   2   2   2   2   108 120 10  6   118 128 2   2   2   2   8   2   2   2   2   8   2   2   2   2   8   2   2   2   2   0   
2   2   2   2   8   2   2   2   2   8   2   2   2   2   8   2   2   2   122 110 6   10  6   2   128 118 2   2   2   8   2   2   2   2   8   2   2   2   2   8   2   2   2   2   0   
2   2   2   2   8   2   2   2   2   8   2   2   2   2   8   2   2   122 122 8   2   2   2   2   8   118 118 2   2   8   2   2   2   2   8   2   2   2   2   8   2   2   2   2   0   
2   2   2   2   8   2   2   2   2   8   2   2   2   2   8   2   122 122 2   8   2   2   2   2   8   2   118 118 2   8   2   2   2   2   8   2   2   2   2   8   2   2   2   2   0   
2   2   2   2   8   2   2   2   2   8   2   2   2   2   8   122 122 2   2   8   2   2   2   2   8   2   2   118 118 8   2   2   2   2   8   2   2   2   2   8   2   2   2   2   0   
2   2   2   2   8   2   2   2   122 68  62  62  62  62  68  122 2   2   2   8   2   2   2   2   8   2   2   2   118 68  62  62  62  62  68  118 2   2   2   8   2   2   2   2   0   
2   2   2   2   8   2   2   2   62  8   2   2   2   2   8   2   2   2   2   8   2   2   2   2   8   2   2   2   2   8   2   2   2   2   8   58  2   2   2   8   2   2   2   2   0   
2   2   2   2   8   2   2   2   62  8   2   2   2   2   8   2   2   2   2   8   2   2   2   2   8   2   2   2   2   8   2   2   2   2   8   58  2   2   2   8   2   2   2   2   0   
2   2   2   2   8   2   2   2   62  8   2   2   2   2   8   2   2   2   2   8   2   2   2   2   8   2   2   2   2   8   2   2   2   2   8   58  2   2   2   8   2   2   2   2   0   
2   2   2   2   8   2   2   2   62  8   2   2   2   2   8   2   2   2   2   8   2   2   2   2   8   2   2   2   2   8   2   2   2   2   8   58  2   2   2   8   2   2   2   2   0   
2   2   2   2   8   2   2   2   62  8   2   2   2   2   8   2   2   2   2   8   2   2   2   2   8   2   2   2   2   8   2   2   2   2   8   58  2   2   2   8   2   2   2   2   0   
2   2   2   2   8   2   2   2   62  8   2   2   2   2   8   2   2   2   2   8   2   2   2   2   8   2   2   2   2   8   2   2   2   2   8   58  2   2   2   8   2   2   2   2   0   
2   2   2   2   8   2   2   122 122 8   2   2   2   2   8   2   2   2   2   8   2   2   2   2   8   2   2   2   2   8   2   2   2   2   8   118 118 2   2   8   2   2   2   2   0   
2   2   2   2   8   2   122 122 2   8   2   2   2   2   8   2   2   2   2   8   2   2   2   2   8   2   2   2   2   8   2   2   2   2   8   2   118 118 2   8   2   2   2   2   0   
2   2   2   2   8   122 122 2   2   8   2   2   2   2   8   2   2   2   2   8   2   2   2   2   8   2   2   2   2   8   2   2   2   2   8   2   2   118 118 8   2   2   2   2   0   
2   2   2   2   112 122 2   2   2   8   2   2   2   2   8   2   2   2   2   8   2   2   2   2   8   2   2   2   2   8   2   2   2   2   8   2   2   2   118 128 2   2   2   2   0   
2   2   2   122 112 2   2   2   2   8   2   2   2   2   8   2   2   2   2   8   2   2   2   2   8   2   2   2   2   8   2   2   2   2   8   2   2   2   2   128 118 2   2   2   0   
2   2   122 122 8   2   2   2   2   8   2   2   2   2   8   2   2   2   2   8   2   2   2   2   8   2   2   2   2   8   2   2   2   2   8   2   2   2   2   8   118 118 2   2   0   
2   122 122 2   8   2   2   2   2   8   2   2   2   2   8   2   2   2   2   8   2   2   2   2   8   2   2   2   2   8   2   2   2   2   8   2   2   2   2   8   2   118 118 2   0   
122 122 2   2   8   2   2   2   2   8   2   2   2   2   8   2   2   2   2   8   2   2   2   2   8   2   2   2   2   8   2   2   2   2   8   2   2   2   2   8   2   2   118 118 0   
122 2   2   2   8   2   2   2   2   8   2   2   2   2   8   2   2   2   2   8   2   2   2   2   8   2   2   2   2   8   2   2   2   2   8   2   2   2   2   8   2   2   2   118 60  
122 2   2   2   8   2   2   2   2   8   2   2   2   2   8   2   2   2   2   8   2   2   2   2   8   2   2   2   2   8   2   2   2   2   8   2   2   2   2   8   2   2   2   118 60  
122 122 2   2   8   2   2   2   2   8   2   2   2   2   8   2   2   2   2   8   2   2   2   2   8   2   2   2   2   8   2   2   2   2   8   2   2   2   2   8   2   2   118 118 0   
2   122 122 2   8   2   2   2   2   8   2   2   2   2   8   2   2   2   2   8   2   2   2   2   8   2   2   2   2   8   2   2   2   2   8   2   2   2   2   8   2   118 118 2   0   
2   2   122 122 8   2   2   2   2   8   2   2   2   2   8   2   2   2   2   8   2   2   2   2   8   2   2   2   2   8   2   2   2   2   8   2   2   2   2   8   118 118 2   2   0   
2   2   2   122 112 2   2   2   2   8   2   2   2   2   8   2   2   2   2   8   2   2   2   2   8   2   2   2   2   8   2   2   2   2   8   2   2   2   2   128 118 2   2   2   0   
2   2   2   2   112 122 2   2   2   8   2   2   2   2   8   2   2   2   2   8   2   2   2   2   8   2   2   2   2   8   2   2   2   2   8   2   2   2   118 128 2   2   2   2   0   
2   2   2   2   8   122 122 2   2   8   2   2   2   2   8   2   2   2   2   8   2   2   2   2   8   2   2   2   2   8   2   2   2   2   8   2   2   118 118 8   2   2   2   2   0   
2   2   2   2   8   2   122 122 2   8   2   2   2   2   8   2   2   2   2   8   2   2   2   2   8   2   2   2   2   8   2   2   2   2   8   2   118 118 2   8   2   2   2   2   0   
2   2   2   2   8   2   2   122 122 8   2   2   2   2   8   2   2   2   2   8   2   2   2   2   8   2   2   2   2   8   2   2   2   2   8   118 118 2   2   8   2   2   2   2   0   
2   2   2   2   8   2   2   2   62  8   2   2   2   2   8   2   2   2   2   8   2   2   2   2   8   2   2   2   2   8   2   2   2   2   8   58  2   2   2   8   2   2   2   2   0   
2   2   2   2   8   2   2   2   62  8   2   2   2   2   8   2   2   2   2   8   2   2   2   2   8   2   2   2   2   8   2   2   2   2   8   58  2   2   2   8   2   2   2   2   0   
2   2   2   2   8   2   2   2   62  8   2   2   2   2   8   2   2   2   2   8   2   2   2   2   8   2   2   2   2   8   2   2   2   2   8   58  2   2   2   8   2   2   2   2   0   
2   2   2   2   8   2   2   2   62  8   2   2   2   2   8   2   2   2   2   8   2   2   2   2   8   2   2   2   2   8   2   2   2   2   8   58  2   2   2   8   2   2   2   2   0   
2   2   2   2   8   2   2   2   62  8   2   2   2   2   8   2   2   2   2   8   2   2   2   2   8   2   2   2   2   8   2   2   2   2   8   58  2   2   2   8   2   2   2   2   0   
2   2   2   2   8   2   2   2   62  8   2   2   2   2   8   2   2   2   2   8   2   2   2   2   8   2   2   2   2   8   2   2   2   2   8   58  2   2   2   8   2   2   2   2   0   
2   2   2   2   8   2   2   2   122 68  62  62  62  62  68  122 2   2   2   8   2   2   2   2   8   2   2   2   118 68  62  62  62  62  68  118 2   2   2   8   2   2   2   2   0   
2   2   2   2   8   2   2   2   2   8   2   2   2   2   8   122 122 2   2   8   2   2   2   2   8   2   2   118 118 8   2   2   2   2   8   2   2   2   2   8   2   2   2   2   0   
2   2   2   2   8   2   2   2   2   8   2   2   2   2   8   2   122 122 2   8   2   2   2   2   8   2   118 118 2   8   2   2   2   2   8   2   2   2   2   8   2   2   2   2   0   
2   2   2   2   8   2   2   2   2   8   2   2   2   2   8   2   2   122 122 8   2   2   2   2   8   118 118 2   2   8   2   2   2   2   8   2   2   2   2   8   2   2   2   2   0   
2   2   2   2   8   2   2   2   2   8   2   2   2   2   8   2   2   2   122 112 2   2   2   2   128 118 2   2   2   8   2   2   2   2   8   2   2   2   2   8   2   2   2   2   0   
2   2   2   2   8   2   2   2   2   8   2   2   2   2   8   2   2   2   2   112 122 2   2   118 128 2   2   2   2   8   2   2   2   2   8   2   2   2   2   8   2   2   2   2   0   
2   2   2   2   8   2   2   2   2   8   2   2   2   2   8   2   2   2   2   8   122 122 118 118 8   2   2   2   2   8   2   2   2   2   8   2   2   2   2   8   2   2   2   2   0   
2   2   2   2   8   2   2   2   2   8   2   2   2   2   8   2   2   2   2   8   2   62  58  2   8   2   2   2   2   8   2   2   2   2   8   2   2   2   2   8   2   2   2   2   0   
